36
1
1234
12345678
8975654412335565456466798645113246
646565465465489984323532131321321321321321323213213213213232323546544648979797454564654456565698797984563213023016464687973454454645655132335687884545645645653531245686454564887
3213654894651346876531453495632895612984513651389451865328453186518631865315413284651384613
6513
68529845318613
8653894589413856131032868456235413543284568941645138653784513874531845845218451841848451
4512868658451845895689458453
641868686538658941848418453
8648616856418658651868618658648653
45145866853684865386516451684134631
45138651648645187465127985498754138746517846128651389652865431865138746531865421684531645316845318765238645318674531864513
41324653164531864531453146531465314653164314651345136451346531654135613645164513645165134651365154154136513541245184614519846
64586545451641986598469846986486497649768946894658412451254128451846512645685342041236534214156386534214631685421845132
8888888888888888888888888888888888888888888888888888888888888888888888888888888888888888888888888888888888888888888888888888
99999999999999999999999999999999999999999999999999999999999999999999999999999999999999999999999999999999999999999999999
1111111111111111111111111111111111111111111111111111111111111111111111111111111111111111111111111111111111111111111111
7777777777777777777777777777777777777777777777777777777777777777777777777777777777777777777777777777777777777777
888888888888888888888888888999999999999999999999999944444444444444444444555555555555555555555555556666666666666666666661
64444444444444444444444444444444444444444444444444444444444444444488888888888888888888888888888333333333333333333111111111
987845564133213649879641326844133156445665498734654654654564
98784531321231567415641223534613246120576412054674310156431
65413986416854315431234354564546546844684989867964654545132132132323464646654564564687894546545645465465465444654654654
65464644565312313326478997986888768234239843298473284452341332413254462344235644352435624423564456442432
23341235342353443562446532446523445623443256445623442365446523446523464423564423454456234456324453624423564435624465324465233244623
235644235644356244356248237468324465234453243523143232324323146532446324452344652346544326544682344652344562346423654425634453624468234654324423
234
42356423544235632353443256446352446523446523468442368446235146523465324456423644652344653244654236544623544653244653244652346454326544635244652436544235644356246
432
45432
45423
45423
45623423688943625446352445632446532447823744236544638274826344324652344653244652344624364463524465423465234654
23654456234465234465234462354462354463244652344
